{
 "cells": [
  {
   "cell_type": "markdown",
   "id": "4c7dccb5-3c88-476e-a1cc-d6988cc42a98",
   "metadata": {},
   "source": [
    "### Multicollinearity"
   ]
  },
  {
   "cell_type": "markdown",
   "id": "a3176f62-5941-4a06-b9ab-27cc786eb28f",
   "metadata": {},
   "source": [
    "we check two things in this array              \n",
    "Inflated standard errors             \n",
    "Unstable and unreliable estimates"
   ]
  },
  {
   "cell_type": "code",
   "execution_count": 1,
   "id": "bb660c1b-daac-459b-9543-828c4bac313e",
   "metadata": {},
   "outputs": [
    {
     "data": {
      "text/plain": [
       "array([[ 1. ,  1. ,  1.2],\n",
       "       [ 1. ,  2. ,  2.1],\n",
       "       [ 1. ,  3. ,  3.1],\n",
       "       [ 1. ,  4. ,  4.1],\n",
       "       [ 1. ,  5. ,  5. ],\n",
       "       [ 1. ,  6. ,  6. ],\n",
       "       [ 1. ,  7. ,  7. ],\n",
       "       [ 1. ,  8. ,  8. ],\n",
       "       [ 1. ,  9. ,  9.1],\n",
       "       [ 1. , 10. , 10.2]])"
      ]
     },
     "execution_count": 1,
     "metadata": {},
     "output_type": "execute_result"
    }
   ],
   "source": [
    "import numpy as np\n",
    "arr = np.array([[1,1,1,1,1,1,1,1,1,1],[1, 2, 3, 4, 5, 6, 7, 8, 9, 10],[1.2, 2.1, 3.1, 4.1, 5.0, 6.0, 7.0, 8.0, 9.1, 10.2]]).T\n",
    "arr"
   ]
  },
  {
   "cell_type": "code",
   "execution_count": 3,
   "id": "a0b273e3-7500-49a5-8d6a-93019bdf3f72",
   "metadata": {},
   "outputs": [
    {
     "data": {
      "text/plain": [
       "array([[  0.67713004,   1.89686099,  -1.97309417],\n",
       "       [  1.89686099,  18.3309417 , -18.40807175],\n",
       "       [ -1.97309417, -18.40807175,  18.49775785]])"
      ]
     },
     "execution_count": 3,
     "metadata": {},
     "output_type": "execute_result"
    }
   ],
   "source": [
    "# Calculate inverse of (x tranpose x)\n",
    "\n",
    "np.linalg.inv(np.dot(arr.T,arr))"
   ]
  },
  {
   "cell_type": "code",
   "execution_count": 8,
   "id": "2bda3a53-11b1-4926-9efa-8453baa67e44",
   "metadata": {},
   "outputs": [
    {
     "data": {
      "text/plain": [
       "array([[ 1. ,  1.1,  1.2],\n",
       "       [ 1. ,  2. ,  2.1],\n",
       "       [ 1. ,  3. ,  3.1],\n",
       "       [ 1. ,  4. ,  4.1],\n",
       "       [ 1. ,  5. ,  5. ],\n",
       "       [ 1. ,  6. ,  6. ],\n",
       "       [ 1. ,  7. ,  7. ],\n",
       "       [ 1. ,  8. ,  8. ],\n",
       "       [ 1. ,  9. ,  9.1],\n",
       "       [ 1. , 10. , 10.2]])"
      ]
     },
     "execution_count": 8,
     "metadata": {},
     "output_type": "execute_result"
    }
   ],
   "source": [
    "arr1 = np.array([[1,1,1,1,1,1,1,1,1,1],[1.1, 2, 3, 4, 5, 6, 7, 8, 9, 10],[1.2, 2.1, 3.1, 4.1, 5.0, 6.0, 7.0, 8.0, 9.1, 10.2]]).T\n",
    "arr1"
   ]
  },
  {
   "cell_type": "markdown",
   "id": "68deff1c-5bd5-4992-8859-0d4db1019ff4",
   "metadata": {},
   "source": [
    "arr and arr1 both are almost same but we change the number (2nd col 1 st row ) from 1 to 1.1            \n",
    "then changes are happen           \n",
    "b bitas are very sensitive to input datas "
   ]
  },
  {
   "cell_type": "code",
   "execution_count": 9,
   "id": "4b146b76-e4bf-4474-89f9-d227535ac111",
   "metadata": {},
   "outputs": [
    {
     "data": {
      "text/plain": [
       "array([[  0.579715  ,   1.55493605,  -1.62140011],\n",
       "       [  1.55493605,  24.45470752, -24.42659041],\n",
       "       [ -1.62140011, -24.42659041,  24.41073715]])"
      ]
     },
     "execution_count": 9,
     "metadata": {},
     "output_type": "execute_result"
    }
   ],
   "source": [
    "np.linalg.inv(np.dot(arr1.T,arr1))"
   ]
  },
  {
   "cell_type": "markdown",
   "id": "065a95a4-3cc0-4f50-ab0f-4e6179cb3afd",
   "metadata": {},
   "source": [
    " #### arr2 mein hamara matrix multicollinear nahi hain\n",
    " isliye ye sensitive bhi nahi hain \n",
    " array mein changes karne se bahot fluctuation bhi nahi huva hain "
   ]
  },
  {
   "cell_type": "code",
   "execution_count": 10,
   "id": "fe4c0d59-9ffb-460a-aacb-ea24806f20bf",
   "metadata": {},
   "outputs": [
    {
     "data": {
      "text/plain": [
       "array([[ 0.46684896, -0.06359872, -0.00341803],\n",
       "       [-0.06359872,  0.06375331, -0.05752395],\n",
       "       [-0.00341803, -0.05752395,  0.06408812]])"
      ]
     },
     "execution_count": 10,
     "metadata": {},
     "output_type": "execute_result"
    }
   ],
   "source": [
    "arr2 = np.array([[1,1,1,1,1,1,1,1,1,1],[1, 2, 3, 4, 5, 6, 7, 8, 9, 10],[2.4, 0.7, 4.3, 3.5, 1.6, 5.1, 6.9, 7.5, 8.1, 9.8]]).T\n",
    "np.linalg.inv(np.dot(arr2.T,arr2))"
   ]
  },
  {
   "cell_type": "code",
   "execution_count": 12,
   "id": "83d417b8-771b-4322-afec-bfbd75bf2862",
   "metadata": {},
   "outputs": [
    {
     "data": {
      "text/plain": [
       "array([[ 0.47202303, -0.06705466, -0.00051139],\n",
       "       [-0.06705466,  0.06552638, -0.05891698],\n",
       "       [-0.00051139, -0.05891698,  0.06515911]])"
      ]
     },
     "execution_count": 12,
     "metadata": {},
     "output_type": "execute_result"
    }
   ],
   "source": [
    "arr2 = np.array([[1,1,1,1,1,1,1,1,1,1],[1.1, 2, 3, 4, 5, 6, 7, 8, 9, 10],[2.4, 0.7, 4.3, 3.5, 1.6, 5.1, 6.9, 7.5, 8.1, 9.8]]).T\n",
    "np.linalg.inv(np.dot(arr2.T,arr2))"
   ]
  },
  {
   "cell_type": "code",
   "execution_count": null,
   "id": "a949e33a-859a-469c-bef7-1a459df640d2",
   "metadata": {},
   "outputs": [],
   "source": []
  },
  {
   "cell_type": "code",
   "execution_count": null,
   "id": "7267f48b-473f-4079-9940-b46d4a4aa70c",
   "metadata": {},
   "outputs": [],
   "source": []
  }
 ],
 "metadata": {
  "kernelspec": {
   "display_name": "Python 3 (ipykernel)",
   "language": "python",
   "name": "python3"
  },
  "language_info": {
   "codemirror_mode": {
    "name": "ipython",
    "version": 3
   },
   "file_extension": ".py",
   "mimetype": "text/x-python",
   "name": "python",
   "nbconvert_exporter": "python",
   "pygments_lexer": "ipython3",
   "version": "3.10.8"
  }
 },
 "nbformat": 4,
 "nbformat_minor": 5
}
